V3 S2 smoother / settings sweep (bench/sweep_smoother.py; M4)
variant rtmpose-l; base overrides []; clean windows configs/clean_windows.json
per kind: rms0 / |lag| / rmsL (deg, frames, deg) and d2/o = geomean second-diff RMS causal / oracle over windows x the kind's angles; gates = bench/grade.py S-type hard-gate failures (teleport count, worst step deg)
grid (tangent_kf): q_w [10, 30, 100, 300, 1000, 3000, 10000, 30000, 100000, 300000, 1000000] x r_v [0.01, 0.03, 0.1, 0.3, 1, 3, 10, 30, 100]; fixed {'q_r': 1.0}; every kind at the same point
                    config   root:rms0 |lag|   rmsL   d2/o  swing:rms0 |lag|   rmsL   d2/o  twist:rms0 |lag|   rmsL   d2/o  elbow:rms0 |lag|   rmsL   d2/o
                      none       1.107  3.75  0.746  2.720       2.500  3.56  1.526  3.620      12.112  4.50  7.783  2.182       2.817  3.50  1.792  4.230
        kf q_w=10 r_v=0.01       1.116  3.75  0.734  2.365       2.534  3.75  1.492  2.858      12.221  4.75  7.732  1.880       2.865  3.75  1.760  3.448
        kf q_w=10 r_v=0.03       1.137  3.75  0.723  2.001       2.598  4.00  1.469  2.264      12.358  5.12  7.658  1.621       2.935  3.88  1.731  2.836
         kf q_w=10 r_v=0.1       1.184  4.17  0.719  1.533       2.747  4.38  1.464  1.606      12.594  5.12  7.612  1.320       3.082  4.38  1.702  2.108
         kf q_w=10 r_v=0.3       1.241  4.50  0.725  1.156       2.957  5.19  1.514  1.142      12.924  5.62  7.661  1.036       3.297  5.00  1.748  1.541
           kf q_w=10 r_v=1       1.311  5.58  0.767  0.833       3.250  6.31  1.641  0.785      13.391  6.25  8.004  0.799       3.664  6.75  1.892  1.081
           kf q_w=10 r_v=3       1.382  6.67  0.827  0.638       3.575  7.62  1.802  0.587      13.950  7.25  8.552  0.649       4.140  7.62  2.156  0.810
          kf q_w=10 r_v=10       1.450  7.92  0.902  0.496       3.938  8.88  2.101  0.467      14.736  8.25  9.387  0.520       4.857  8.88  2.635  0.643
          kf q_w=10 r_v=30       1.497  9.00  0.992  0.408       4.272  9.50  2.524  0.411      15.453  9.12 10.381  0.445       5.673  9.75  3.321  0.558
         kf q_w=10 r_v=100       1.550  9.50  1.103  0.336       4.614  9.56  3.078  0.370      16.117  9.12 11.485  0.389       6.536  9.75  4.241  0.495
        kf q_w=30 r_v=0.01       1.114  3.75  0.733  2.384       2.524  3.75  1.491  2.900      12.209  4.75  7.730  1.896       2.852  3.62  1.761  3.492
        kf q_w=30 r_v=0.03       1.132  3.75  0.718  2.041       2.576  3.81  1.461  2.337      12.335  5.12  7.653  1.653       2.904  3.75  1.730  2.914
         kf q_w=30 r_v=0.1       1.173  3.83  0.706  1.601       2.698  4.19  1.443  1.710      12.541  5.12  7.582  1.373       3.013  4.12  1.695  2.234
         kf q_w=30 r_v=0.3       1.225  4.50  0.704  1.249       2.875  4.94  1.480  1.262      12.822  5.50  7.596  1.100       3.176  4.62  1.692  1.694
           kf q_w=30 r_v=1       1.284  5.33  0.734  0.935       3.122  5.81  1.569  0.901      13.256  6.00  7.819  0.876       3.450  5.50  1.801  1.230
           kf q_w=30 r_v=3       1.349  6.08  0.784  0.730       3.402  6.81  1.699  0.681      13.665  6.50  8.217  0.721       3.844  7.25  2.009  0.934
          kf q_w=30 r_v=10       1.417  7.17  0.850  0.575       3.738  8.06  1.897  0.529      14.295  7.62  8.868  0.587       4.391  8.25  2.354  0.733
          kf q_w=30 r_v=30       1.468  8.25  0.919  0.473       4.038  9.12  2.192  0.450      14.959  8.62  9.620  0.498       5.057  8.88  2.819  0.619
         kf q_w=30 r_v=100       1.511  9.17  1.015  0.390       4.375  9.50  2.671  0.401      15.659  9.12 10.660  0.430       5.892  9.88  3.562  0.543
       kf q_w=100 r_v=0.01       1.110  3.75  0.733  2.419       2.511  3.69  1.494  2.973      12.188  4.50  7.731  1.923       2.839  3.50  1.767  3.571
       kf q_w=100 r_v=0.03       1.123  3.75  0.718  2.113       2.545  3.69  1.460  2.457      12.294  5.00  7.662  1.710       2.875  3.75  1.740  3.049
        kf q_w=100 r_v=0.1       1.155  3.75  0.698  1.717       2.631  3.94  1.425  1.881      12.462  5.12  7.565  1.451       2.947  4.00  1.696  2.433
        kf q_w=100 r_v=0.3       1.200  4.33  0.690  1.382       2.766  4.44  1.439  1.450      12.661  5.38  7.529  1.219       3.055  4.50  1.670  1.920
          kf q_w=100 r_v=1       1.250  4.67  0.700  1.086       2.966  5.19  1.499  1.084      13.020  5.62  7.637  0.978       3.232  4.88  1.699  1.462
          kf q_w=100 r_v=3       1.301  5.42  0.734  0.868       3.183  6.06  1.592  0.830      13.387  6.25  7.880  0.827       3.492  5.75  1.826  1.140
         kf q_w=100 r_v=10       1.366  6.33  0.792  0.688       3.479  6.94  1.742  0.639      13.813  6.88  8.344  0.683       3.941  7.38  2.078  0.877
         kf q_w=100 r_v=30       1.424  7.17  0.852  0.566       3.769  8.06  1.910  0.522      14.366  7.75  8.923  0.578       4.442  8.12  2.402  0.723
        kf q_w=100 r_v=100       1.475  8.42  0.926  0.465       4.079  9.12  2.235  0.445      15.050  8.75  9.717  0.490       5.140  8.88  2.900  0.611
       kf q_w=300 r_v=0.01       1.107  3.67  0.736  2.464       2.501  3.50  1.503  3.071      12.164  4.38  7.741  1.959       2.832  3.50  1.776  3.675
       kf q_w=300 r_v=0.03       1.114  3.67  0.724  2.206       2.518  3.62  1.474  2.617      12.246  4.62  7.682  1.779       2.854  3.62  1.757  3.222
        kf q_w=300 r_v=0.1       1.135  3.67  0.702  1.853       2.574  3.62  1.426  2.084      12.387  5.12  7.596  1.544       2.902  3.75  1.720  2.674
        kf q_w=300 r_v=0.3       1.171  3.83  0.686  1.550       2.669  4.12  1.407  1.671      12.533  5.12  7.521  1.345       2.973  4.00  1.677  2.199
          kf q_w=300 r_v=1       1.220  4.50  0.678  1.257       2.824  4.56  1.452  1.301      12.767  5.50  7.503  1.113       3.093  4.62  1.658  1.738
          kf q_w=300 r_v=3       1.261  4.92  0.699  1.027       2.998  5.38  1.509  1.020      13.111  5.62  7.670  0.941       3.254  5.12  1.702  1.384
         kf q_w=300 r_v=10       1.315  5.42  0.741  0.824       3.238  6.19  1.618  0.783      13.473  6.25  7.945  0.795       3.550  5.75  1.864  1.076
         kf q_w=300 r_v=30       1.372  6.42  0.795  0.676       3.504  7.06  1.755  0.627      13.867  7.00  8.384  0.672       3.974  7.38  2.102  0.866
        kf q_w=300 r_v=100       1.433  7.42  0.861  0.551       3.815  8.06  1.946  0.508      14.461  7.88  9.021  0.564       4.519  8.38  2.464  0.706
      kf q_w=1000 r_v=0.01       1.105  3.67  0.741  2.530       2.495  3.50  1.514  3.208      12.138  4.38  7.758  2.013       2.826  3.50  1.785  3.821
      kf q_w=1000 r_v=0.03       1.107  3.67  0.734  2.336       2.499  3.50  1.498  2.850      12.194  4.50  7.726  1.865       2.838  3.50  1.774  3.460
       kf q_w=1000 r_v=0.1       1.117  3.67  0.717  2.039       2.526  3.50  1.459  2.373      12.291  4.75  7.653  1.673       2.865  3.62  1.746  2.986
       kf q_w=1000 r_v=0.3       1.139  3.67  0.695  1.761       2.582  3.62  1.414  1.965      12.418  5.12  7.576  1.479       2.910  3.88  1.715  2.549
         kf q_w=1000 r_v=1       1.179  3.83  0.680  1.472       2.689  4.19  1.399  1.583      12.551  5.12  7.488  1.294       2.986  4.00  1.669  2.096
         kf q_w=1000 r_v=3       1.222  4.50  0.673  1.238       2.826  4.56  1.450  1.283      12.787  5.50  7.496  1.099       3.091  4.62  1.654  1.716
        kf q_w=1000 r_v=10       1.266  5.00  0.699  1.005       3.011  5.38  1.514  0.997      13.147  5.88  7.685  0.927       3.262  5.12  1.703  1.355
        kf q_w=1000 r_v=30       1.313  5.42  0.737  0.829       3.226  6.06  1.613  0.790      13.464  6.25  7.927  0.799       3.527  5.75  1.850  1.088
       kf q_w=1000 r_v=100       1.374  6.42  0.796  0.671       3.514  7.12  1.758  0.623      13.888  7.00  8.399  0.668       3.986  7.38  2.111  0.863
      kf q_w=3000 r_v=0.01       1.105  3.67  0.745  2.594       2.495  3.50  1.520  3.345      12.120  4.38  7.774  2.067       2.821  3.50  1.789  3.962
      kf q_w=3000 r_v=0.03       1.105  3.67  0.741  2.457       2.493  3.44  1.513  3.073      12.159  4.38  7.760  1.955       2.828  3.50  1.785  3.691
       kf q_w=3000 r_v=0.1       1.108  3.67  0.731  2.232       2.500  3.56  1.494  2.677      12.222  4.50  7.710  1.796       2.843  3.50  1.767  3.294
       kf q_w=3000 r_v=0.3       1.119  3.67  0.714  1.970       2.529  3.50  1.453  2.280      12.310  4.75  7.643  1.629       2.870  3.62  1.742  2.896
         kf q_w=3000 r_v=1       1.144  3.67  0.690  1.696       2.596  3.69  1.406  1.882      12.448  5.12  7.559  1.435       2.921  3.88  1.708  2.452
         kf q_w=3000 r_v=3       1.182  3.83  0.678  1.448       2.696  4.25  1.397  1.556      12.557  5.12  7.476  1.278       2.991  4.12  1.667  2.063
        kf q_w=3000 r_v=10       1.228  4.50  0.672  1.203       2.848  4.69  1.457  1.241      12.833  5.50  7.507  1.073       3.106  4.62  1.653  1.668
        kf q_w=3000 r_v=30       1.267  5.00  0.699  0.999       3.015  5.38  1.516  0.990      13.157  5.88  7.688  0.922       3.264  5.12  1.704  1.347
       kf q_w=3000 r_v=100       1.318  5.50  0.743  0.811       3.253  6.19  1.627  0.770      13.501  6.25  7.964  0.785       3.563  5.75  1.873  1.055
     kf q_w=10000 r_v=0.01       1.106  3.67  0.746  2.653       2.497  3.56  1.523  3.475      12.109  4.38  7.779  2.121       2.819  3.50  1.791  4.092
     kf q_w=10000 r_v=0.03       1.105  3.67  0.745  2.570       2.495  3.50  1.521  3.300      12.125  4.38  7.779  2.048       2.822  3.50  1.790  3.921
      kf q_w=10000 r_v=0.1       1.104  3.67  0.741  2.416       2.492  3.44  1.514  3.002      12.173  4.38  7.762  1.925       2.830  3.50  1.785  3.623
      kf q_w=10000 r_v=0.3       1.108  3.67  0.732  2.217       2.499  3.50  1.497  2.658      12.225  4.50  7.712  1.787       2.843  3.50  1.767  3.276
        kf q_w=10000 r_v=1       1.120  3.67  0.713  1.944       2.530  3.50  1.451  2.244      12.317  4.75  7.640  1.612       2.872  3.62  1.741  2.860
        kf q_w=10000 r_v=3       1.142  3.67  0.691  1.705       2.591  3.69  1.406  1.895      12.441  5.12  7.563  1.441       2.917  3.88  1.711  2.469
       kf q_w=10000 r_v=10       1.183  3.83  0.677  1.440       2.698  4.25  1.396  1.546      12.560  5.12  7.472  1.271       2.992  4.12  1.666  2.052
       kf q_w=10000 r_v=30       1.225  4.50  0.671  1.220       2.834  4.62  1.452  1.263      12.810  5.50  7.498  1.086       3.095  4.62  1.653  1.693
      kf q_w=10000 r_v=100       1.267  5.00  0.699  0.996       3.016  5.38  1.516  0.987      13.161  5.88  7.689  0.921       3.265  5.12  1.704  1.344
     kf q_w=30000 r_v=0.01       1.107  3.75  0.746  2.689       2.499  3.56  1.525  3.553      12.109  4.38  7.781  2.154       2.818  3.50  1.792  4.168
     kf q_w=30000 r_v=0.03       1.106  3.67  0.746  2.643       2.497  3.50  1.523  3.455      12.110  4.38  7.781  2.113       2.819  3.50  1.791  4.074
      kf q_w=30000 r_v=0.1       1.105  3.58  0.745  2.546       2.495  3.50  1.521  3.253      12.134  4.38  7.784  2.029       2.822  3.50  1.790  3.875
      kf q_w=30000 r_v=0.3       1.104  3.67  0.741  2.402       2.492  3.44  1.515  2.978      12.177  4.38  7.762  1.915       2.831  3.50  1.786  3.600
        kf q_w=30000 r_v=1       1.109  3.67  0.731  2.183       2.501  3.50  1.494  2.604      12.235  4.50  7.704  1.766       2.845  3.50  1.765  3.224
        kf q_w=30000 r_v=3       1.120  3.67  0.713  1.936       2.531  3.50  1.450  2.233      12.319  4.75  7.639  1.607       2.872  3.62  1.740  2.850
       kf q_w=30000 r_v=10       1.146  3.67  0.688  1.677       2.599  3.69  1.403  1.859      12.455  5.12  7.553  1.422       2.923  3.88  1.707  2.426
       kf q_w=30000 r_v=30       1.184  3.83  0.677  1.437       2.699  4.25  1.396  1.543      12.560  5.12  7.471  1.269       2.993  4.12  1.666  2.048
      kf q_w=30000 r_v=100       1.229  4.50  0.671  1.198       2.850  4.69  1.457  1.235      12.840  5.50  7.508  1.069       3.108  4.62  1.653  1.661
    kf q_w=100000 r_v=0.01       1.107  3.75  0.746  2.709       2.499  3.56  1.525  3.596      12.111  4.50  7.783  2.172       2.817  3.50  1.792  4.208
    kf q_w=100000 r_v=0.03       1.107  3.75  0.746  2.689       2.499  3.56  1.525  3.555      12.109  4.38  7.781  2.155       2.818  3.50  1.792  4.170
     kf q_w=100000 r_v=0.1       1.106  3.67  0.746  2.639       2.497  3.50  1.524  3.447      12.110  4.38  7.782  2.109       2.819  3.50  1.791  4.067
     kf q_w=100000 r_v=0.3       1.105  3.58  0.745  2.551       2.495  3.50  1.521  3.265      12.132  4.38  7.785  2.034       2.822  3.50  1.790  3.887
       kf q_w=100000 r_v=1       1.104  3.67  0.741  2.397       2.492  3.44  1.515  2.970      12.179  4.38  7.762  1.912       2.831  3.50  1.786  3.592
       kf q_w=100000 r_v=3       1.108  3.67  0.732  2.201       2.499  3.50  1.497  2.634      12.229  4.50  7.710  1.777       2.843  3.50  1.767  3.253
      kf q_w=100000 r_v=10       1.120  3.67  0.713  1.933       2.531  3.50  1.450  2.229      12.320  4.75  7.639  1.605       2.872  3.62  1.740  2.846
      kf q_w=100000 r_v=30       1.143  3.67  0.690  1.698       2.591  3.69  1.406  1.888      12.443  5.12  7.561  1.437       2.918  3.88  1.711  2.460
     kf q_w=100000 r_v=100       1.184  3.92  0.677  1.436       2.699  4.25  1.395  1.542      12.561  5.12  7.470  1.269       2.993  4.12  1.666  2.047
    kf q_w=300000 r_v=0.01       1.107  3.75  0.746  2.716       2.499  3.56  1.526  3.612      12.111  4.50  7.783  2.179       2.817  3.50  1.792  4.222
    kf q_w=300000 r_v=0.03       1.107  3.75  0.746  2.709       2.499  3.56  1.525  3.596      12.111  4.50  7.783  2.172       2.817  3.50  1.792  4.208
     kf q_w=300000 r_v=0.1       1.107  3.75  0.746  2.685       2.499  3.56  1.525  3.547      12.108  4.38  7.781  2.152       2.818  3.50  1.792  4.163
     kf q_w=300000 r_v=0.3       1.106  3.67  0.746  2.637       2.497  3.50  1.524  3.444      12.110  4.38  7.782  2.108       2.819  3.50  1.791  4.065
       kf q_w=300000 r_v=1       1.105  3.58  0.745  2.538       2.495  3.50  1.521  3.240      12.137  4.38  7.786  2.024       2.823  3.50  1.790  3.862
       kf q_w=300000 r_v=3       1.104  3.67  0.741  2.396       2.492  3.44  1.515  2.967      12.179  4.38  7.762  1.911       2.831  3.50  1.786  3.590
      kf q_w=300000 r_v=10       1.109  3.67  0.731  2.178       2.501  3.50  1.494  2.597      12.236  4.50  7.703  1.763       2.845  3.50  1.764  3.216
      kf q_w=300000 r_v=30       1.120  3.67  0.713  1.932       2.531  3.50  1.450  2.228      12.320  4.75  7.639  1.604       2.872  3.62  1.740  2.845
     kf q_w=300000 r_v=100       1.146  3.67  0.688  1.675       2.599  3.69  1.403  1.857      12.456  5.12  7.552  1.421       2.923  3.88  1.707  2.423
     kf q_w=1e+06 r_v=0.01       1.107  3.75  0.746  2.719       2.500  3.56  1.526  3.618      12.112  4.50  7.783  2.181       2.817  3.50  1.792  4.228
     kf q_w=1e+06 r_v=0.03       1.107  3.75  0.746  2.716       2.499  3.56  1.526  3.612      12.111  4.50  7.783  2.179       2.817  3.50  1.792  4.223
      kf q_w=1e+06 r_v=0.1       1.107  3.75  0.746  2.708       2.499  3.56  1.525  3.596      12.111  4.50  7.783  2.172       2.817  3.50  1.792  4.208
      kf q_w=1e+06 r_v=0.3       1.107  3.75  0.746  2.688       2.499  3.56  1.525  3.553      12.108  4.38  7.781  2.154       2.818  3.50  1.792  4.168
        kf q_w=1e+06 r_v=1       1.106  3.67  0.746  2.637       2.497  3.50  1.524  3.443      12.111  4.38  7.782  2.108       2.819  3.50  1.791  4.064
        kf q_w=1e+06 r_v=3       1.105  3.58  0.745  2.549       2.495  3.50  1.521  3.261      12.133  4.38  7.786  2.032       2.822  3.50  1.790  3.884
       kf q_w=1e+06 r_v=10       1.104  3.67  0.741  2.395       2.492  3.44  1.515  2.967      12.180  4.38  7.762  1.910       2.831  3.50  1.786  3.589
       kf q_w=1e+06 r_v=30       1.108  3.67  0.732  2.199       2.499  3.50  1.497  2.632      12.230  4.50  7.710  1.776       2.843  3.50  1.767  3.250
      kf q_w=1e+06 r_v=100       1.120  3.67  0.713  1.932       2.531  3.50  1.450  2.228      12.320  4.75  7.639  1.604       2.872  3.62  1.740  2.845

selection (rule in the module docstring and D-029):
    root: q_w 1000 r_v 1 -> rms0 1.179 |lag| 3.83 rmsL 0.680 d2/o 1.472  [rule 1 (d2/o <= 1.5, min rms0)]
   swing: q_w 100 r_v 0.3 -> rms0 2.766 |lag| 4.44 rmsL 1.439 d2/o 1.450  [rule 1 (d2/o <= 1.5, min rms0)]
   twist: q_w 1000 r_v 0.3 -> rms0 12.418 |lag| 5.12 rmsL 7.576 d2/o 1.479  [rule 1 (d2/o <= 1.5, min rms0)]
   elbow: q_w 100 r_v 1 -> rms0 3.232 |lag| 4.88 rmsL 1.699 d2/o 1.462  [rule 1 (d2/o <= 1.5, min rms0)]
chosen smoother_params: {"root": {"q_r": 1.0, "q_w": 1000, "r_v": 1}, "swing": {"q_r": 1.0, "q_w": 100, "r_v": 0.3}, "twist": {"q_r": 1.0, "q_w": 1000, "r_v": 0.3}, "elbow": {"q_r": 1.0, "q_w": 100, "r_v": 1}}

alternative lag-weighted rule (informational): among d2/o <= 1.5, min rms0 + 0.5 deg x |lag|
    root: q_w 1000 r_v 1 -> rms0 1.179 |lag| 3.83 rmsL 0.680 d2/o 1.472 score 3.096
   swing: q_w 100 r_v 0.3 -> rms0 2.766 |lag| 4.44 rmsL 1.439 d2/o 1.450 score 4.985
   twist: q_w 1000 r_v 0.3 -> rms0 12.418 |lag| 5.12 rmsL 7.576 d2/o 1.479 score 14.980
   elbow: q_w 100 r_v 1 -> rms0 3.232 |lag| 4.88 rmsL 1.699 d2/o 1.462 score 5.670

=== sensitivity to the fixed q_r (same grid; M5 check that fixing q_r is a normalisation) ===
Scaling q_r, q_w and r_v together by one factor leaves the steady-state gains AND the two-point initial covariance (P0 proportional to r_v) unchanged, so q_r = 10 must reproduce q_r = 1 at (10 q_w, 10 r_v); q_r = 0 is the pure CWNA constant-velocity model (a one-parameter family in q_w / r_v).

--- q_r = 10 ---
grid (tangent_kf): q_w [10, 30, 100, 300, 1000, 3000, 10000, 30000, 100000, 300000, 1000000] x r_v [0.01, 0.03, 0.1, 0.3, 1, 3, 10, 30, 100]; fixed {'q_r': 10}; every kind at the same point
                    config   root:rms0 |lag|   rmsL   d2/o  swing:rms0 |lag|   rmsL   d2/o  twist:rms0 |lag|   rmsL   d2/o  elbow:rms0 |lag|   rmsL   d2/o
                      none       1.107  3.75  0.746  2.720       2.500  3.56  1.526  3.620      12.112  4.50  7.783  2.182       2.817  3.50  1.792  4.230
        kf q_w=10 r_v=0.01       1.108  3.75  0.745  2.670       2.503  3.62  1.521  3.496      12.123  4.50  7.779  2.134       2.826  3.50  1.788  4.102
        kf q_w=10 r_v=0.03       1.110  3.75  0.743  2.581       2.512  3.62  1.514  3.291      12.143  4.50  7.768  2.053       2.841  3.50  1.782  3.891
         kf q_w=10 r_v=0.1       1.118  3.75  0.737  2.346       2.544  3.75  1.497  2.818      12.229  4.75  7.734  1.863       2.886  3.75  1.762  3.408
         kf q_w=10 r_v=0.3       1.142  3.75  0.731  1.962       2.621  4.06  1.484  2.190      12.370  5.12  7.662  1.592       2.981  3.88  1.739  2.762
           kf q_w=10 r_v=1       1.192  4.42  0.737  1.463       2.794  4.56  1.495  1.496      12.624  5.50  7.640  1.261       3.178  4.62  1.731  1.985
           kf q_w=10 r_v=3       1.256  4.92  0.760  1.046       3.040  5.44  1.564  1.009      12.959  5.75  7.742  0.967       3.463  5.50  1.773  1.385
          kf q_w=10 r_v=10       1.338  6.25  0.818  0.713       3.397  7.06  1.734  0.661      13.539  6.62  8.271  0.712       3.944  7.75  1.948  0.919
          kf q_w=10 r_v=30       1.416  7.67  0.896  0.522       3.781  8.75  2.000  0.489      14.370  8.00  9.099  0.551       4.666  8.88  2.329  0.678
         kf q_w=10 r_v=100       1.494  9.00  1.013  0.392       4.230  9.50  2.513  0.402      15.382  9.00 10.452  0.435       5.719  9.62  3.218  0.541
        kf q_w=30 r_v=0.01       1.108  3.75  0.745  2.670       2.503  3.62  1.521  3.498      12.122  4.50  7.779  2.134       2.825  3.50  1.788  4.104
        kf q_w=30 r_v=0.03       1.110  3.75  0.742  2.583       2.511  3.62  1.514  3.296      12.143  4.50  7.768  2.055       2.838  3.50  1.781  3.896
         kf q_w=30 r_v=0.1       1.118  3.75  0.736  2.352       2.541  3.75  1.495  2.831      12.227  4.75  7.734  1.869       2.878  3.75  1.761  3.421
         kf q_w=30 r_v=0.3       1.140  3.75  0.728  1.976       2.614  4.00  1.478  2.216      12.369  5.12  7.661  1.602       2.964  3.88  1.736  2.786
           kf q_w=30 r_v=1       1.190  4.42  0.730  1.488       2.780  4.62  1.483  1.534      12.619  5.38  7.635  1.281       3.142  4.38  1.719  2.027
           kf q_w=30 r_v=3       1.252  4.83  0.748  1.087       3.014  5.44  1.548  1.055      12.960  5.62  7.713  0.992       3.402  5.38  1.769  1.435
          kf q_w=30 r_v=10       1.330  6.00  0.798  0.757       3.349  6.69  1.693  0.705      13.490  6.50  8.163  0.742       3.838  7.25  1.941  0.974
          kf q_w=30 r_v=30       1.405  7.33  0.866  0.566       3.708  8.19  1.923  0.523      14.212  7.50  8.877  0.588       4.420  8.50  2.279  0.724
         kf q_w=30 r_v=100       1.474  8.67  0.964  0.433       4.117  9.44  2.333  0.427      15.125  8.88  9.993  0.468       5.370  9.62  2.970  0.582
       kf q_w=100 r_v=0.01       1.108  3.75  0.745  2.672       2.502  3.62  1.521  3.502      12.122  4.50  7.778  2.136       2.823  3.50  1.788  4.108
       kf q_w=100 r_v=0.03       1.110  3.75  0.742  2.587       2.508  3.62  1.513  3.307      12.140  4.38  7.767  2.059       2.833  3.50  1.780  3.907
        kf q_w=100 r_v=0.1       1.116  3.75  0.734  2.365       2.534  3.75  1.492  2.858      12.221  4.75  7.732  1.880       2.865  3.75  1.760  3.448
        kf q_w=100 r_v=0.3       1.137  3.75  0.723  2.001       2.598  4.00  1.469  2.264      12.358  5.12  7.658  1.621       2.935  3.88  1.731  2.836
          kf q_w=100 r_v=1       1.184  4.17  0.719  1.533       2.747  4.38  1.464  1.606      12.594  5.12  7.612  1.320       3.082  4.38  1.702  2.108
          kf q_w=100 r_v=3       1.241  4.50  0.725  1.156       2.957  5.19  1.514  1.142      12.924  5.62  7.661  1.036       3.297  5.00  1.748  1.541
         kf q_w=100 r_v=10       1.311  5.58  0.767  0.833       3.250  6.31  1.641  0.785      13.391  6.25  8.004  0.799       3.664  6.75  1.892  1.081
         kf q_w=100 r_v=30       1.382  6.67  0.827  0.638       3.575  7.62  1.802  0.587      13.950  7.25  8.552  0.649       4.140  7.62  2.156  0.810
        kf q_w=100 r_v=100       1.450  7.92  0.902  0.496       3.938  8.88  2.101  0.467      14.736  8.25  9.387  0.520       4.857  8.88  2.635  0.643
       kf q_w=300 r_v=0.01       1.108  3.75  0.745  2.674       2.501  3.62  1.521  3.508      12.120  4.50  7.777  2.138       2.821  3.50  1.788  4.115
       kf q_w=300 r_v=0.03       1.109  3.75  0.741  2.593       2.505  3.56  1.513  3.323      12.136  4.38  7.765  2.065       2.829  3.50  1.781  3.926
        kf q_w=300 r_v=0.1       1.114  3.75  0.733  2.384       2.524  3.75  1.491  2.900      12.209  4.75  7.730  1.896       2.852  3.62  1.761  3.492
        kf q_w=300 r_v=0.3       1.132  3.75  0.718  2.041       2.576  3.81  1.461  2.337      12.335  5.12  7.653  1.653       2.904  3.75  1.730  2.914
          kf q_w=300 r_v=1       1.173  3.83  0.706  1.601       2.698  4.19  1.443  1.710      12.541  5.12  7.582  1.373       3.013  4.12  1.695  2.234
          kf q_w=300 r_v=3       1.225  4.50  0.704  1.249       2.875  4.94  1.480  1.262      12.822  5.50  7.596  1.100       3.176  4.62  1.692  1.694
         kf q_w=300 r_v=10       1.284  5.33  0.734  0.935       3.122  5.81  1.569  0.901      13.256  6.00  7.819  0.876       3.450  5.50  1.801  1.230
         kf q_w=300 r_v=30       1.349  6.08  0.784  0.730       3.402  6.81  1.699  0.681      13.665  6.50  8.217  0.721       3.844  7.25  2.009  0.934
        kf q_w=300 r_v=100       1.417  7.17  0.850  0.575       3.738  8.06  1.897  0.529      14.295  7.62  8.868  0.587       4.391  8.25  2.354  0.733
      kf q_w=1000 r_v=0.01       1.108  3.75  0.745  2.678       2.500  3.62  1.522  3.520      12.118  4.50  7.777  2.142       2.820  3.50  1.789  4.128
      kf q_w=1000 r_v=0.03       1.108  3.75  0.742  2.604       2.501  3.62  1.515  3.354      12.129  4.38  7.765  2.076       2.825  3.50  1.783  3.959
       kf q_w=1000 r_v=0.1       1.110  3.75  0.733  2.419       2.511  3.69  1.494  2.973      12.188  4.50  7.731  1.923       2.839  3.50  1.767  3.571
       kf q_w=1000 r_v=0.3       1.123  3.75  0.718  2.113       2.545  3.69  1.460  2.457      12.294  5.00  7.662  1.710       2.875  3.75  1.740  3.049
         kf q_w=1000 r_v=1       1.155  3.75  0.698  1.717       2.631  3.94  1.425  1.881      12.462  5.12  7.565  1.451       2.947  4.00  1.696  2.433
         kf q_w=1000 r_v=3       1.200  4.33  0.690  1.382       2.766  4.44  1.439  1.450      12.661  5.38  7.529  1.219       3.055  4.50  1.670  1.920
        kf q_w=1000 r_v=10       1.250  4.67  0.700  1.086       2.966  5.19  1.499  1.084      13.020  5.62  7.637  0.978       3.232  4.88  1.699  1.462
        kf q_w=1000 r_v=30       1.301  5.42  0.734  0.868       3.183  6.06  1.592  0.830      13.387  6.25  7.880  0.827       3.492  5.75  1.826  1.140
       kf q_w=1000 r_v=100       1.366  6.33  0.792  0.688       3.479  6.94  1.742  0.639      13.813  6.88  8.344  0.683       3.941  7.38  2.078  0.877
      kf q_w=3000 r_v=0.01       1.107  3.75  0.745  2.684       2.499  3.62  1.523  3.536      12.115  4.38  7.778  2.147       2.819  3.50  1.790  4.146
      kf q_w=3000 r_v=0.03       1.107  3.75  0.743  2.620       2.498  3.62  1.518  3.395      12.122  4.38  7.769  2.091       2.822  3.50  1.787  4.005
       kf q_w=3000 r_v=0.1       1.107  3.67  0.736  2.464       2.501  3.50  1.503  3.071      12.164  4.38  7.741  1.959       2.832  3.50  1.776  3.675
       kf q_w=3000 r_v=0.3       1.114  3.67  0.724  2.206       2.518  3.62  1.474  2.617      12.246  4.62  7.682  1.779       2.854  3.62  1.757  3.222
         kf q_w=3000 r_v=1       1.135  3.67  0.702  1.853       2.574  3.62  1.426  2.084      12.387  5.12  7.596  1.544       2.902  3.75  1.720  2.674
         kf q_w=3000 r_v=3       1.171  3.83  0.686  1.550       2.669  4.12  1.407  1.671      12.533  5.12  7.521  1.345       2.973  4.00  1.677  2.199
        kf q_w=3000 r_v=10       1.220  4.50  0.678  1.257       2.824  4.56  1.452  1.301      12.767  5.50  7.503  1.113       3.093  4.62  1.658  1.738
        kf q_w=3000 r_v=30       1.261  4.92  0.699  1.027       2.998  5.38  1.509  1.020      13.111  5.62  7.670  0.941       3.254  5.12  1.702  1.384
       kf q_w=3000 r_v=100       1.315  5.42  0.741  0.824       3.238  6.19  1.618  0.783      13.473  6.25  7.945  0.795       3.550  5.75  1.864  1.076
     kf q_w=10000 r_v=0.01       1.107  3.75  0.746  2.693       2.499  3.56  1.524  3.559      12.112  4.38  7.780  2.156       2.818  3.50  1.791  4.170
     kf q_w=10000 r_v=0.03       1.106  3.67  0.745  2.646       2.497  3.56  1.521  3.455      12.114  4.38  7.774  2.114       2.820  3.50  1.790  4.069
      kf q_w=10000 r_v=0.1       1.105  3.67  0.741  2.530       2.495  3.50  1.514  3.208      12.138  4.38  7.758  2.013       2.826  3.50  1.785  3.821
      kf q_w=10000 r_v=0.3       1.107  3.67  0.734  2.336       2.499  3.50  1.498  2.850      12.194  4.50  7.726  1.865       2.838  3.50  1.774  3.460
        kf q_w=10000 r_v=1       1.117  3.67  0.717  2.039       2.526  3.50  1.459  2.373      12.291  4.75  7.653  1.673       2.865  3.62  1.746  2.986
        kf q_w=10000 r_v=3       1.139  3.67  0.695  1.761       2.582  3.62  1.414  1.965      12.418  5.12  7.576  1.479       2.910  3.88  1.715  2.549
       kf q_w=10000 r_v=10       1.179  3.83  0.680  1.472       2.689  4.19  1.399  1.583      12.551  5.12  7.488  1.294       2.986  4.00  1.669  2.096
       kf q_w=10000 r_v=30       1.222  4.50  0.673  1.238       2.826  4.56  1.450  1.283      12.787  5.50  7.496  1.099       3.091  4.62  1.654  1.716
      kf q_w=10000 r_v=100       1.266  5.00  0.699  1.005       3.011  5.38  1.514  0.997      13.147  5.88  7.685  0.927       3.262  5.12  1.703  1.355
     kf q_w=30000 r_v=0.01       1.107  3.75  0.746  2.703       2.499  3.56  1.525  3.582      12.111  4.50  7.782  2.166       2.818  3.50  1.791  4.193
     kf q_w=30000 r_v=0.03       1.107  3.67  0.746  2.672       2.498  3.56  1.524  3.515      12.110  4.38  7.778  2.138       2.818  3.50  1.791  4.129
      kf q_w=30000 r_v=0.1       1.105  3.67  0.745  2.594       2.495  3.50  1.520  3.345      12.120  4.38  7.774  2.067       2.821  3.50  1.789  3.962
      kf q_w=30000 r_v=0.3       1.105  3.67  0.741  2.457       2.493  3.44  1.513  3.073      12.159  4.38  7.760  1.955       2.828  3.50  1.785  3.691
        kf q_w=30000 r_v=1       1.108  3.67  0.731  2.232       2.500  3.56  1.494  2.677      12.222  4.50  7.710  1.796       2.843  3.50  1.767  3.294
        kf q_w=30000 r_v=3       1.119  3.67  0.714  1.970       2.529  3.50  1.453  2.280      12.310  4.75  7.643  1.629       2.870  3.62  1.742  2.896
       kf q_w=30000 r_v=10       1.144  3.67  0.690  1.696       2.596  3.69  1.406  1.882      12.448  5.12  7.559  1.435       2.921  3.88  1.708  2.452
       kf q_w=30000 r_v=30       1.182  3.83  0.678  1.448       2.696  4.25  1.397  1.556      12.557  5.12  7.476  1.278       2.991  4.12  1.667  2.063
      kf q_w=30000 r_v=100       1.228  4.50  0.672  1.203       2.848  4.69  1.457  1.241      12.833  5.50  7.507  1.073       3.106  4.62  1.653  1.668
    kf q_w=100000 r_v=0.01       1.107  3.75  0.746  2.712       2.499  3.56  1.525  3.602      12.111  4.50  7.783  2.175       2.817  3.50  1.792  4.213
    kf q_w=100000 r_v=0.03       1.107  3.75  0.746  2.696       2.499  3.56  1.525  3.569      12.110  4.38  7.781  2.160       2.818  3.50  1.791  4.182
     kf q_w=100000 r_v=0.1       1.106  3.67  0.746  2.653       2.497  3.56  1.523  3.475      12.109  4.38  7.779  2.121       2.819  3.50  1.791  4.092
     kf q_w=100000 r_v=0.3       1.105  3.67  0.745  2.570       2.495  3.50  1.521  3.300      12.125  4.38  7.779  2.048       2.822  3.50  1.790  3.921
       kf q_w=100000 r_v=1       1.104  3.67  0.741  2.416       2.492  3.44  1.514  3.002      12.173  4.38  7.762  1.925       2.830  3.50  1.785  3.623
       kf q_w=100000 r_v=3       1.108  3.67  0.732  2.217       2.499  3.50  1.497  2.658      12.225  4.50  7.712  1.787       2.843  3.50  1.767  3.276
      kf q_w=100000 r_v=10       1.120  3.67  0.713  1.944       2.530  3.50  1.451  2.244      12.317  4.75  7.640  1.612       2.872  3.62  1.741  2.860
      kf q_w=100000 r_v=30       1.142  3.67  0.691  1.705       2.591  3.69  1.406  1.895      12.441  5.12  7.563  1.441       2.917  3.88  1.711  2.469
     kf q_w=100000 r_v=100       1.183  3.83  0.677  1.440       2.698  4.25  1.396  1.546      12.560  5.12  7.472  1.271       2.992  4.12  1.666  2.052
    kf q_w=300000 r_v=0.01       1.107  3.75  0.746  2.717       2.499  3.56  1.526  3.613      12.111  4.50  7.783  2.179       2.817  3.50  1.792  4.223
    kf q_w=300000 r_v=0.03       1.107  3.75  0.746  2.710       2.499  3.56  1.525  3.598      12.111  4.50  7.783  2.173       2.817  3.50  1.792  4.210
     kf q_w=300000 r_v=0.1       1.107  3.75  0.746  2.689       2.499  3.56  1.525  3.553      12.109  4.38  7.781  2.154       2.818  3.50  1.792  4.168
     kf q_w=300000 r_v=0.3       1.106  3.67  0.746  2.643       2.497  3.50  1.523  3.455      12.110  4.38  7.781  2.113       2.819  3.50  1.791  4.074
       kf q_w=300000 r_v=1       1.105  3.58  0.745  2.546       2.495  3.50  1.521  3.253      12.134  4.38  7.784  2.029       2.822  3.50  1.790  3.875
       kf q_w=300000 r_v=3       1.104  3.67  0.741  2.402       2.492  3.44  1.515  2.978      12.177  4.38  7.762  1.915       2.831  3.50  1.786  3.600
      kf q_w=300000 r_v=10       1.109  3.67  0.731  2.183       2.501  3.50  1.494  2.604      12.235  4.50  7.704  1.766       2.845  3.50  1.765  3.224
      kf q_w=300000 r_v=30       1.120  3.67  0.713  1.936       2.531  3.50  1.450  2.233      12.319  4.75  7.639  1.607       2.872  3.62  1.740  2.850
     kf q_w=300000 r_v=100       1.146  3.67  0.688  1.677       2.599  3.69  1.403  1.859      12.455  5.12  7.553  1.422       2.923  3.88  1.707  2.426
     kf q_w=1e+06 r_v=0.01       1.107  3.75  0.746  2.719       2.500  3.56  1.526  3.618      12.112  4.50  7.783  2.181       2.817  3.50  1.792  4.228
     kf q_w=1e+06 r_v=0.03       1.107  3.75  0.746  2.717       2.499  3.56  1.526  3.613      12.111  4.50  7.783  2.179       2.817  3.50  1.792  4.223
      kf q_w=1e+06 r_v=0.1       1.107  3.75  0.746  2.709       2.499  3.56  1.525  3.596      12.111  4.50  7.783  2.172       2.817  3.50  1.792  4.208
      kf q_w=1e+06 r_v=0.3       1.107  3.75  0.746  2.689       2.499  3.56  1.525  3.555      12.109  4.38  7.781  2.155       2.818  3.50  1.792  4.170
        kf q_w=1e+06 r_v=1       1.106  3.67  0.746  2.639       2.497  3.50  1.524  3.447      12.110  4.38  7.782  2.109       2.819  3.50  1.791  4.067
        kf q_w=1e+06 r_v=3       1.105  3.58  0.745  2.551       2.495  3.50  1.521  3.265      12.132  4.38  7.785  2.034       2.822  3.50  1.790  3.887
       kf q_w=1e+06 r_v=10       1.104  3.67  0.741  2.397       2.492  3.44  1.515  2.970      12.179  4.38  7.762  1.912       2.831  3.50  1.786  3.592
       kf q_w=1e+06 r_v=30       1.108  3.67  0.732  2.201       2.499  3.50  1.497  2.634      12.229  4.50  7.710  1.777       2.843  3.50  1.767  3.253
      kf q_w=1e+06 r_v=100       1.120  3.67  0.713  1.933       2.531  3.50  1.450  2.229      12.320  4.75  7.639  1.605       2.872  3.62  1.740  2.846

selection (rule in the module docstring and D-029):
    root: q_w 10000 r_v 10 -> rms0 1.179 |lag| 3.83 rmsL 0.680 d2/o 1.472  [rule 1 (d2/o <= 1.5, min rms0)]
   swing: q_w 1000 r_v 3 -> rms0 2.766 |lag| 4.44 rmsL 1.439 d2/o 1.450  [rule 1 (d2/o <= 1.5, min rms0)]
   twist: q_w 10000 r_v 3 -> rms0 12.418 |lag| 5.12 rmsL 7.576 d2/o 1.479  [rule 1 (d2/o <= 1.5, min rms0)]
   elbow: q_w 1000 r_v 10 -> rms0 3.232 |lag| 4.88 rmsL 1.699 d2/o 1.462  [rule 1 (d2/o <= 1.5, min rms0)]
chosen smoother_params: {"root": {"q_r": 10, "q_w": 10000, "r_v": 10}, "swing": {"q_r": 10, "q_w": 1000, "r_v": 3}, "twist": {"q_r": 10, "q_w": 10000, "r_v": 3}, "elbow": {"q_r": 10, "q_w": 1000, "r_v": 10}}

alternative lag-weighted rule (informational): among d2/o <= 1.5, min rms0 + 0.5 deg x |lag|
    root: q_w 10000 r_v 10 -> rms0 1.179 |lag| 3.83 rmsL 0.680 d2/o 1.472 score 3.096
   swing: q_w 1000 r_v 3 -> rms0 2.766 |lag| 4.44 rmsL 1.439 d2/o 1.450 score 4.985
   twist: q_w 10000 r_v 3 -> rms0 12.418 |lag| 5.12 rmsL 7.576 d2/o 1.479 score 14.980
   elbow: q_w 1000 r_v 10 -> rms0 3.232 |lag| 4.88 rmsL 1.699 d2/o 1.462 score 5.670

--- q_r = 0 ---
grid (tangent_kf): q_w [10, 30, 100, 300, 1000, 3000, 10000, 30000, 100000, 300000, 1000000] x r_v [0.01, 0.03, 0.1, 0.3, 1, 3, 10, 30, 100]; fixed {'q_r': 0}; every kind at the same point
                    config   root:rms0 |lag|   rmsL   d2/o  swing:rms0 |lag|   rmsL   d2/o  twist:rms0 |lag|   rmsL   d2/o  elbow:rms0 |lag|   rmsL   d2/o
                      none       1.107  3.75  0.746  2.720       2.500  3.56  1.526  3.620      12.112  4.50  7.783  2.182       2.817  3.50  1.792  4.230
        kf q_w=10 r_v=0.01       1.184  3.92  0.677  1.436       2.699  4.25  1.395  1.542      12.561  5.12  7.470  1.268       2.993  4.12  1.666  2.047
        kf q_w=10 r_v=0.03       1.225  4.50  0.670  1.218       2.835  4.62  1.452  1.260      12.812  5.50  7.498  1.085       3.096  4.62  1.652  1.690
         kf q_w=10 r_v=0.1       1.268  5.00  0.699  0.995       3.017  5.38  1.516  0.986      13.163  5.88  7.690  0.920       3.266  5.25  1.704  1.343
         kf q_w=10 r_v=0.3       1.314  5.42  0.738  0.825       3.232  6.19  1.616  0.785      13.473  6.25  7.934  0.796       3.532  5.75  1.853  1.080
           kf q_w=10 r_v=1       1.375  6.42  0.796  0.669       3.518  7.19  1.760  0.621      13.897  7.00  8.406  0.667       3.992  7.38  2.115  0.863
           kf q_w=10 r_v=3       1.430  7.25  0.856  0.558       3.798  8.06  1.929  0.514      14.428  7.88  8.980  0.570       4.490  8.25  2.445  0.713
          kf q_w=10 r_v=10       1.479  8.50  0.929  0.461       4.098  9.12  2.255  0.442      15.091  8.88  9.762  0.486       5.179  8.88  2.937  0.607
          kf q_w=10 r_v=30       1.513  9.17  1.014  0.391       4.387  9.50  2.684  0.401      15.684  9.12 10.670  0.430       5.901  9.88  3.587  0.544
         kf q_w=10 r_v=100       1.559  9.50  1.118  0.329       4.683  9.56  3.187  0.366      16.236  9.12 11.660  0.383       6.679  9.62  4.429  0.490
        kf q_w=30 r_v=0.01       1.146  3.67  0.688  1.675       2.599  3.69  1.403  1.856      12.456  5.12  7.552  1.421       2.923  3.88  1.707  2.423
        kf q_w=30 r_v=0.03       1.184  3.92  0.677  1.436       2.699  4.25  1.395  1.542      12.561  5.12  7.470  1.268       2.993  4.12  1.666  2.047
         kf q_w=30 r_v=0.1       1.229  4.50  0.671  1.197       2.851  4.69  1.457  1.234      12.841  5.50  7.508  1.068       3.108  4.62  1.653  1.660
         kf q_w=30 r_v=0.3       1.268  5.00  0.699  0.995       3.017  5.38  1.516  0.986      13.163  5.88  7.690  0.920       3.266  5.25  1.704  1.343
           kf q_w=30 r_v=1       1.319  5.50  0.743  0.809       3.254  6.19  1.628  0.769      13.505  6.25  7.967  0.784       3.565  5.75  1.875  1.053
           kf q_w=30 r_v=3       1.375  6.42  0.796  0.669       3.518  7.19  1.760  0.621      13.897  7.00  8.406  0.667       3.992  7.38  2.115  0.863
          kf q_w=30 r_v=10       1.435  7.42  0.862  0.548       3.824  8.12  1.953  0.506      14.481  8.12  9.039  0.562       4.536  8.38  2.477  0.701
          kf q_w=30 r_v=30       1.479  8.50  0.929  0.461       4.098  9.12  2.255  0.442      15.091  8.88  9.762  0.486       5.179  8.88  2.937  0.607
         kf q_w=30 r_v=100       1.516  9.17  1.023  0.385       4.415  9.56  2.728  0.398      15.735  9.12 10.759  0.426       5.970  9.88  3.655  0.539
       kf q_w=100 r_v=0.01       1.120  3.67  0.713  1.932       2.531  3.50  1.450  2.228      12.320  4.75  7.639  1.604       2.872  3.62  1.740  2.845
       kf q_w=100 r_v=0.03       1.143  3.67  0.690  1.698       2.592  3.69  1.405  1.887      12.444  5.12  7.561  1.436       2.918  3.88  1.711  2.459
        kf q_w=100 r_v=0.1       1.184  3.92  0.677  1.436       2.699  4.25  1.395  1.542      12.561  5.12  7.470  1.268       2.993  4.12  1.666  2.047
        kf q_w=100 r_v=0.3       1.225  4.50  0.670  1.218       2.835  4.62  1.452  1.260      12.812  5.50  7.498  1.085       3.096  4.62  1.652  1.690
          kf q_w=100 r_v=1       1.268  5.00  0.699  0.995       3.017  5.38  1.516  0.986      13.163  5.88  7.690  0.920       3.266  5.25  1.704  1.343
          kf q_w=100 r_v=3       1.314  5.42  0.738  0.825       3.232  6.19  1.616  0.785      13.473  6.25  7.934  0.796       3.532  5.75  1.853  1.080
         kf q_w=100 r_v=10       1.375  6.42  0.796  0.669       3.518  7.19  1.760  0.621      13.897  7.00  8.406  0.667       3.992  7.38  2.115  0.863
         kf q_w=100 r_v=30       1.430  7.25  0.856  0.558       3.798  8.06  1.929  0.514      14.428  7.88  8.980  0.570       4.490  8.25  2.445  0.713
        kf q_w=100 r_v=100       1.479  8.50  0.929  0.461       4.098  9.12  2.255  0.442      15.091  8.88  9.762  0.486       5.179  8.88  2.937  0.607
       kf q_w=300 r_v=0.01       1.109  3.67  0.731  2.177       2.501  3.50  1.494  2.596      12.236  4.50  7.703  1.762       2.845  3.50  1.764  3.215
       kf q_w=300 r_v=0.03       1.120  3.67  0.713  1.932       2.531  3.50  1.450  2.228      12.320  4.75  7.639  1.604       2.872  3.62  1.740  2.845
        kf q_w=300 r_v=0.1       1.146  3.67  0.688  1.675       2.599  3.69  1.403  1.856      12.456  5.12  7.552  1.421       2.923  3.88  1.707  2.423
        kf q_w=300 r_v=0.3       1.184  3.92  0.677  1.436       2.699  4.25  1.395  1.542      12.561  5.12  7.470  1.268       2.993  4.12  1.666  2.047
          kf q_w=300 r_v=1       1.229  4.50  0.671  1.197       2.851  4.69  1.457  1.234      12.841  5.50  7.508  1.068       3.108  4.62  1.653  1.660
          kf q_w=300 r_v=3       1.268  5.00  0.699  0.995       3.017  5.38  1.516  0.986      13.163  5.88  7.690  0.920       3.266  5.25  1.704  1.343
         kf q_w=300 r_v=10       1.319  5.50  0.743  0.809       3.254  6.19  1.628  0.769      13.505  6.25  7.967  0.784       3.565  5.75  1.875  1.053
         kf q_w=300 r_v=30       1.375  6.42  0.796  0.669       3.518  7.19  1.760  0.621      13.897  7.00  8.406  0.667       3.992  7.38  2.115  0.863
        kf q_w=300 r_v=100       1.435  7.42  0.862  0.548       3.824  8.12  1.953  0.506      14.481  8.12  9.039  0.562       4.536  8.38  2.477  0.701
      kf q_w=1000 r_v=0.01       1.104  3.67  0.741  2.395       2.492  3.44  1.515  2.966      12.180  4.38  7.762  1.910       2.831  3.50  1.786  3.588
      kf q_w=1000 r_v=0.03       1.108  3.67  0.732  2.199       2.499  3.50  1.497  2.631      12.230  4.50  7.710  1.776       2.843  3.50  1.767  3.250
       kf q_w=1000 r_v=0.1       1.120  3.67  0.713  1.932       2.531  3.50  1.450  2.228      12.320  4.75  7.639  1.604       2.872  3.62  1.740  2.845
       kf q_w=1000 r_v=0.3       1.143  3.67  0.690  1.698       2.592  3.69  1.405  1.887      12.444  5.12  7.561  1.436       2.918  3.88  1.711  2.459
         kf q_w=1000 r_v=1       1.184  3.92  0.677  1.436       2.699  4.25  1.395  1.542      12.561  5.12  7.470  1.268       2.993  4.12  1.666  2.047
         kf q_w=1000 r_v=3       1.225  4.50  0.670  1.218       2.835  4.62  1.452  1.260      12.812  5.50  7.498  1.085       3.096  4.62  1.652  1.690
        kf q_w=1000 r_v=10       1.268  5.00  0.699  0.995       3.017  5.38  1.516  0.986      13.163  5.88  7.690  0.920       3.266  5.25  1.704  1.343
        kf q_w=1000 r_v=30       1.314  5.42  0.738  0.825       3.232  6.19  1.616  0.785      13.473  6.25  7.934  0.796       3.532  5.75  1.853  1.080
       kf q_w=1000 r_v=100       1.375  6.42  0.796  0.669       3.518  7.19  1.760  0.621      13.897  7.00  8.406  0.667       3.992  7.38  2.115  0.863
      kf q_w=3000 r_v=0.01       1.105  3.58  0.745  2.537       2.495  3.50  1.521  3.238      12.138  4.38  7.787  2.023       2.823  3.50  1.790  3.861
      kf q_w=3000 r_v=0.03       1.104  3.67  0.741  2.395       2.492  3.44  1.515  2.966      12.180  4.38  7.762  1.910       2.831  3.50  1.786  3.588
       kf q_w=3000 r_v=0.1       1.109  3.67  0.731  2.177       2.501  3.50  1.494  2.596      12.236  4.50  7.703  1.762       2.845  3.50  1.764  3.215
       kf q_w=3000 r_v=0.3       1.120  3.67  0.713  1.932       2.531  3.50  1.450  2.228      12.320  4.75  7.639  1.604       2.872  3.62  1.740  2.845
         kf q_w=3000 r_v=1       1.146  3.67  0.688  1.675       2.599  3.69  1.403  1.856      12.456  5.12  7.552  1.421       2.923  3.88  1.707  2.423
         kf q_w=3000 r_v=3       1.184  3.92  0.677  1.436       2.699  4.25  1.395  1.542      12.561  5.12  7.470  1.268       2.993  4.12  1.666  2.047
        kf q_w=3000 r_v=10       1.229  4.50  0.671  1.197       2.851  4.69  1.457  1.234      12.841  5.50  7.508  1.068       3.108  4.62  1.653  1.660
        kf q_w=3000 r_v=30       1.268  5.00  0.699  0.995       3.017  5.38  1.516  0.986      13.163  5.88  7.690  0.920       3.266  5.25  1.704  1.343
       kf q_w=3000 r_v=100       1.319  5.50  0.743  0.809       3.254  6.19  1.628  0.769      13.505  6.25  7.967  0.784       3.565  5.75  1.875  1.053
     kf q_w=10000 r_v=0.01       1.106  3.67  0.746  2.637       2.497  3.50  1.524  3.443      12.111  4.38  7.783  2.108       2.819  3.50  1.791  4.064
     kf q_w=10000 r_v=0.03       1.105  3.58  0.745  2.548       2.495  3.50  1.521  3.260      12.133  4.38  7.786  2.032       2.822  3.50  1.790  3.883
      kf q_w=10000 r_v=0.1       1.104  3.67  0.741  2.395       2.492  3.44  1.515  2.966      12.180  4.38  7.762  1.910       2.831  3.50  1.786  3.588
      kf q_w=10000 r_v=0.3       1.108  3.67  0.732  2.199       2.499  3.50  1.497  2.631      12.230  4.50  7.710  1.776       2.843  3.50  1.767  3.250
        kf q_w=10000 r_v=1       1.120  3.67  0.713  1.932       2.531  3.50  1.450  2.228      12.320  4.75  7.639  1.604       2.872  3.62  1.740  2.845
        kf q_w=10000 r_v=3       1.143  3.67  0.690  1.698       2.592  3.69  1.405  1.887      12.444  5.12  7.561  1.436       2.918  3.88  1.711  2.459
       kf q_w=10000 r_v=10       1.184  3.92  0.677  1.436       2.699  4.25  1.395  1.542      12.561  5.12  7.470  1.268       2.993  4.12  1.666  2.047
       kf q_w=10000 r_v=30       1.225  4.50  0.670  1.218       2.835  4.62  1.452  1.260      12.812  5.50  7.498  1.085       3.096  4.62  1.652  1.690
      kf q_w=10000 r_v=100       1.268  5.00  0.699  0.995       3.017  5.38  1.516  0.986      13.163  5.88  7.690  0.920       3.266  5.25  1.704  1.343
     kf q_w=30000 r_v=0.01       1.107  3.75  0.746  2.685       2.499  3.56  1.525  3.546      12.108  4.38  7.781  2.151       2.818  3.50  1.792  4.162
     kf q_w=30000 r_v=0.03       1.106  3.67  0.746  2.637       2.497  3.50  1.524  3.443      12.111  4.38  7.783  2.108       2.819  3.50  1.791  4.064
      kf q_w=30000 r_v=0.1       1.105  3.58  0.745  2.537       2.495  3.50  1.521  3.238      12.138  4.38  7.787  2.023       2.823  3.50  1.790  3.861
      kf q_w=30000 r_v=0.3       1.104  3.67  0.741  2.395       2.492  3.44  1.515  2.966      12.180  4.38  7.762  1.910       2.831  3.50  1.786  3.588
        kf q_w=30000 r_v=1       1.109  3.67  0.731  2.177       2.501  3.50  1.494  2.596      12.236  4.50  7.703  1.762       2.845  3.50  1.764  3.215
        kf q_w=30000 r_v=3       1.120  3.67  0.713  1.932       2.531  3.50  1.450  2.228      12.320  4.75  7.639  1.604       2.872  3.62  1.740  2.845
       kf q_w=30000 r_v=10       1.146  3.67  0.688  1.675       2.599  3.69  1.403  1.856      12.456  5.12  7.552  1.421       2.923  3.88  1.707  2.423
       kf q_w=30000 r_v=30       1.184  3.92  0.677  1.436       2.699  4.25  1.395  1.542      12.561  5.12  7.470  1.268       2.993  4.12  1.666  2.047
      kf q_w=30000 r_v=100       1.229  4.50  0.671  1.197       2.851  4.69  1.457  1.234      12.841  5.50  7.508  1.068       3.108  4.62  1.653  1.660
    kf q_w=100000 r_v=0.01       1.107  3.75  0.746  2.708       2.499  3.56  1.525  3.595      12.111  4.50  7.783  2.172       2.817  3.50  1.792  4.208
    kf q_w=100000 r_v=0.03       1.107  3.75  0.746  2.688       2.499  3.56  1.525  3.553      12.108  4.38  7.781  2.154       2.818  3.50  1.792  4.168
     kf q_w=100000 r_v=0.1       1.106  3.67  0.746  2.637       2.497  3.50  1.524  3.443      12.111  4.38  7.783  2.108       2.819  3.50  1.791  4.064
     kf q_w=100000 r_v=0.3       1.105  3.58  0.745  2.548       2.495  3.50  1.521  3.260      12.133  4.38  7.786  2.032       2.822  3.50  1.790  3.883
       kf q_w=100000 r_v=1       1.104  3.67  0.741  2.395       2.492  3.44  1.515  2.966      12.180  4.38  7.762  1.910       2.831  3.50  1.786  3.588
       kf q_w=100000 r_v=3       1.108  3.67  0.732  2.199       2.499  3.50  1.497  2.631      12.230  4.50  7.710  1.776       2.843  3.50  1.767  3.250
      kf q_w=100000 r_v=10       1.120  3.67  0.713  1.932       2.531  3.50  1.450  2.228      12.320  4.75  7.639  1.604       2.872  3.62  1.740  2.845
      kf q_w=100000 r_v=30       1.143  3.67  0.690  1.698       2.592  3.69  1.405  1.887      12.444  5.12  7.561  1.436       2.918  3.88  1.711  2.459
     kf q_w=100000 r_v=100       1.184  3.92  0.677  1.436       2.699  4.25  1.395  1.542      12.561  5.12  7.470  1.268       2.993  4.12  1.666  2.047
    kf q_w=300000 r_v=0.01       1.107  3.75  0.746  2.716       2.499  3.56  1.526  3.612      12.111  4.50  7.783  2.179       2.817  3.50  1.792  4.222
    kf q_w=300000 r_v=0.03       1.107  3.75  0.746  2.708       2.499  3.56  1.525  3.595      12.111  4.50  7.783  2.172       2.817  3.50  1.792  4.208
     kf q_w=300000 r_v=0.1       1.107  3.75  0.746  2.685       2.499  3.56  1.525  3.546      12.108  4.38  7.781  2.151       2.818  3.50  1.792  4.162
     kf q_w=300000 r_v=0.3       1.106  3.67  0.746  2.637       2.497  3.50  1.524  3.443      12.111  4.38  7.783  2.108       2.819  3.50  1.791  4.064
       kf q_w=300000 r_v=1       1.105  3.58  0.745  2.537       2.495  3.50  1.521  3.238      12.138  4.38  7.787  2.023       2.823  3.50  1.790  3.861
       kf q_w=300000 r_v=3       1.104  3.67  0.741  2.395       2.492  3.44  1.515  2.966      12.180  4.38  7.762  1.910       2.831  3.50  1.786  3.588
      kf q_w=300000 r_v=10       1.109  3.67  0.731  2.177       2.501  3.50  1.494  2.596      12.236  4.50  7.703  1.762       2.845  3.50  1.764  3.215
      kf q_w=300000 r_v=30       1.120  3.67  0.713  1.932       2.531  3.50  1.450  2.228      12.320  4.75  7.639  1.604       2.872  3.62  1.740  2.845
     kf q_w=300000 r_v=100       1.146  3.67  0.688  1.675       2.599  3.69  1.403  1.856      12.456  5.12  7.552  1.421       2.923  3.88  1.707  2.423
     kf q_w=1e+06 r_v=0.01       1.107  3.75  0.746  2.719       2.500  3.56  1.526  3.618      12.112  4.50  7.783  2.181       2.817  3.50  1.792  4.228
     kf q_w=1e+06 r_v=0.03       1.107  3.75  0.746  2.716       2.499  3.56  1.526  3.612      12.111  4.50  7.783  2.179       2.817  3.50  1.792  4.223
      kf q_w=1e+06 r_v=0.1       1.107  3.75  0.746  2.708       2.499  3.56  1.525  3.595      12.111  4.50  7.783  2.172       2.817  3.50  1.792  4.208
      kf q_w=1e+06 r_v=0.3       1.107  3.75  0.746  2.688       2.499  3.56  1.525  3.553      12.108  4.38  7.781  2.154       2.818  3.50  1.792  4.168
        kf q_w=1e+06 r_v=1       1.106  3.67  0.746  2.637       2.497  3.50  1.524  3.443      12.111  4.38  7.783  2.108       2.819  3.50  1.791  4.064
        kf q_w=1e+06 r_v=3       1.105  3.58  0.745  2.548       2.495  3.50  1.521  3.260      12.133  4.38  7.786  2.032       2.822  3.50  1.790  3.883
       kf q_w=1e+06 r_v=10       1.104  3.67  0.741  2.395       2.492  3.44  1.515  2.966      12.180  4.38  7.762  1.910       2.831  3.50  1.786  3.588
       kf q_w=1e+06 r_v=30       1.108  3.67  0.732  2.199       2.499  3.50  1.497  2.631      12.230  4.50  7.710  1.776       2.843  3.50  1.767  3.250
      kf q_w=1e+06 r_v=100       1.120  3.67  0.713  1.932       2.531  3.50  1.450  2.228      12.320  4.75  7.639  1.604       2.872  3.62  1.740  2.845

selection (rule in the module docstring and D-029):
    root: q_w 10 r_v 0.01 -> rms0 1.184 |lag| 3.92 rmsL 0.677 d2/o 1.436  [rule 1 (d2/o <= 1.5, min rms0)] GRID EDGE in ['q_w', 'r_v']
   swing: q_w 10 r_v 0.03 -> rms0 2.835 |lag| 4.62 rmsL 1.452 d2/o 1.260  [rule 1 (d2/o <= 1.5, min rms0)] GRID EDGE in ['q_w']
   twist: q_w 100 r_v 0.03 -> rms0 12.444 |lag| 5.12 rmsL 7.561 d2/o 1.436  [rule 1 (d2/o <= 1.5, min rms0)]
   elbow: q_w 10 r_v 0.1 -> rms0 3.266 |lag| 5.25 rmsL 1.704 d2/o 1.343  [rule 1 (d2/o <= 1.5, min rms0)] GRID EDGE in ['q_w']
chosen smoother_params: {"root": {"q_r": 0, "q_w": 10, "r_v": 0.01}, "swing": {"q_r": 0, "q_w": 10, "r_v": 0.03}, "twist": {"q_r": 0, "q_w": 100, "r_v": 0.03}, "elbow": {"q_r": 0, "q_w": 10, "r_v": 0.1}}

alternative lag-weighted rule (informational): among d2/o <= 1.5, min rms0 + 0.5 deg x |lag|
    root: q_w 10 r_v 0.01 -> rms0 1.184 |lag| 3.92 rmsL 0.677 d2/o 1.436 score 3.142 GRID EDGE in ['q_w', 'r_v']
   swing: q_w 10 r_v 0.03 -> rms0 2.835 |lag| 4.62 rmsL 1.452 d2/o 1.260 score 5.148 GRID EDGE in ['q_w']
   twist: q_w 100 r_v 0.03 -> rms0 12.444 |lag| 5.12 rmsL 7.561 d2/o 1.436 score 15.006
   elbow: q_w 10 r_v 0.1 -> rms0 3.266 |lag| 5.25 rmsL 1.704 d2/o 1.343 score 5.891 GRID EDGE in ['q_w']
