V3 S2 smoother / settings sweep (bench/sweep_smoother.py; M4)
variant rtmpose-l; base overrides []; clean windows configs/clean_windows.json
per kind: rms0 / |lag| / rmsL (deg, frames, deg) and d2/o = geomean second-diff RMS causal / oracle over windows x the kind's angles; gates = bench/grade.py S-type hard-gate failures (teleport count, worst step deg)
grid: min_cutoff [0.5, 1.0, 2.0, 4.0, 8.0, 16.0, 32.0] Hz x beta [0.0, 0.5, 2.0, 8.0, 32.0, 64.0, 128.0] (per rad/s) for every kind at once; d_cutoff 1.0 Hz (config filter.d_cutoff, the v1 landmark One-Euro value)
                    config   root:rms0 |lag|   rmsL   d2/o  swing:rms0 |lag|   rmsL   d2/o  twist:rms0 |lag|   rmsL   d2/o  elbow:rms0 |lag|   rmsL   d2/o
                      none       1.107  3.75  0.746  2.720       2.500  3.56  1.526  3.620      12.112  4.50  7.783  2.182       2.817  3.50  1.792  4.230
          qoe mc=0.5 b=0.0       1.424  8.25  0.961  0.421       3.983  9.38  2.328  0.426      14.699  8.12  9.602  0.462       5.282  9.12  2.698  0.543
          qoe mc=0.5 b=0.5       1.392  7.42  0.899  0.489       3.603  8.69  1.930  0.495      13.633  7.12  8.262  0.589       4.241  8.38  2.024  0.650
          qoe mc=0.5 b=2.0       1.324  6.25  0.838  0.665       3.186  6.69  1.712  0.724      13.225  6.25  7.830  0.781       3.601  7.12  1.799  0.910
          qoe mc=0.5 b=8.0       1.217  4.67  0.768  1.155       2.800  5.00  1.570  1.338      12.738  5.50  7.643  1.138       3.147  5.75  1.742  1.570
         qoe mc=0.5 b=32.0       1.141  3.75  0.741  1.915       2.592  4.00  1.511  2.356      12.433  5.12  7.612  1.520       2.923  3.75  1.742  2.648
         qoe mc=0.5 b=64.0       1.124  3.75  0.741  2.234       2.547  3.88  1.512  2.819      12.301  5.00  7.666  1.702       2.871  3.75  1.760  3.199
        qoe mc=0.5 b=128.0       1.115  3.75  0.743  2.452       2.523  3.81  1.517  3.152      12.219  4.75  7.720  1.852       2.846  3.75  1.775  3.612
          qoe mc=1.0 b=0.0       1.331  6.33  0.843  0.651       3.491  7.62  1.824  0.603      13.538  6.62  8.238  0.646       4.168  8.12  1.920  0.762
          qoe mc=1.0 b=0.5       1.313  6.08  0.825  0.704       3.302  6.75  1.719  0.682      13.256  6.38  7.876  0.735       3.829  7.25  1.805  0.868
          qoe mc=1.0 b=2.0       1.274  5.33  0.797  0.855       3.053  5.88  1.630  0.896      13.024  5.88  7.725  0.895       3.455  6.50  1.740  1.111
          qoe mc=1.0 b=8.0       1.200  4.42  0.758  1.272       2.765  4.69  1.554  1.448      12.679  5.50  7.630  1.190       3.114  4.75  1.740  1.697
         qoe mc=1.0 b=32.0       1.139  3.75  0.740  1.949       2.588  4.00  1.510  2.392      12.409  5.12  7.623  1.539       2.918  3.75  1.742  2.699
         qoe mc=1.0 b=64.0       1.123  3.75  0.741  2.249       2.545  3.88  1.512  2.834      12.293  5.00  7.675  1.712       2.870  3.75  1.760  3.222
        qoe mc=1.0 b=128.0       1.115  3.75  0.743  2.457       2.523  3.81  1.517  3.158      12.213  4.75  7.722  1.856       2.845  3.75  1.776  3.620
          qoe mc=2.0 b=0.0       1.246  5.00  0.774  1.005       3.088  5.56  1.594  0.951      12.937  5.75  7.709  0.921       3.560  6.50  1.726  1.166
          qoe mc=2.0 b=0.5       1.239  4.92  0.770  1.046       3.018  5.50  1.581  1.018      12.891  5.75  7.671  0.976       3.454  6.38  1.724  1.250
          qoe mc=2.0 b=2.0       1.220  4.50  0.763  1.159       2.895  5.06  1.555  1.188      12.790  5.62  7.643  1.082       3.280  5.88  1.711  1.444
          qoe mc=2.0 b=8.0       1.178  4.33  0.750  1.467       2.715  4.44  1.530  1.640      12.593  5.25  7.630  1.284       3.065  4.38  1.731  1.918
         qoe mc=2.0 b=32.0       1.135  3.75  0.739  2.012       2.580  3.88  1.509  2.460      12.374  5.12  7.643  1.576       2.910  3.75  1.744  2.790
         qoe mc=2.0 b=64.0       1.122  3.75  0.741  2.274       2.543  3.81  1.512  2.863      12.279  5.00  7.691  1.731       2.867  3.75  1.761  3.265
        qoe mc=2.0 b=128.0       1.114  3.75  0.743  2.465       2.522  3.81  1.517  3.168      12.204  4.75  7.726  1.867       2.844  3.75  1.776  3.636
          qoe mc=4.0 b=0.0       1.182  4.42  0.746  1.468       2.810  4.56  1.513  1.463      12.605  5.38  7.631  1.244       3.209  4.75  1.696  1.771
          qoe mc=4.0 b=0.5       1.180  4.33  0.746  1.491       2.788  4.56  1.513  1.506      12.592  5.38  7.638  1.264       3.178  4.75  1.701  1.821
          qoe mc=4.0 b=2.0       1.173  4.17  0.745  1.552       2.743  4.50  1.517  1.618      12.554  5.12  7.639  1.311       3.115  4.50  1.716  1.938
          qoe mc=4.0 b=8.0       1.154  3.83  0.742  1.738       2.655  4.12  1.511  1.941      12.469  5.12  7.644  1.434       3.004  4.00  1.728  2.267
         qoe mc=4.0 b=32.0       1.129  3.75  0.739  2.115       2.567  3.88  1.508  2.574      12.325  5.12  7.678  1.644       2.897  3.75  1.747  2.945
         qoe mc=4.0 b=64.0       1.120  3.75  0.741  2.318       2.538  3.81  1.512  2.914      12.261  4.88  7.716  1.772       2.862  3.75  1.763  3.340
        qoe mc=4.0 b=128.0       1.114  3.75  0.743  2.481       2.520  3.81  1.517  3.188      12.192  4.62  7.734  1.890       2.843  3.75  1.777  3.665
          qoe mc=8.0 b=0.0       1.142  3.75  0.736  1.913       2.647  4.06  1.500  2.067      12.391  5.12  7.668  1.547       3.017  3.88  1.722  2.458
          qoe mc=8.0 b=0.5       1.141  3.75  0.736  1.923       2.642  4.06  1.500  2.087      12.388  5.12  7.670  1.554       3.009  3.88  1.723  2.479
          qoe mc=8.0 b=2.0       1.139  3.75  0.737  1.949       2.629  4.06  1.501  2.147      12.379  5.12  7.675  1.573       2.989  3.88  1.725  2.537
          qoe mc=8.0 b=8.0       1.133  3.75  0.738  2.037       2.597  4.00  1.503  2.332      12.346  5.12  7.691  1.629       2.942  3.75  1.734  2.732
         qoe mc=8.0 b=32.0       1.123  3.75  0.740  2.245       2.552  3.88  1.508  2.744      12.271  4.75  7.719  1.752       2.880  3.75  1.754  3.171
         qoe mc=8.0 b=64.0       1.117  3.75  0.741  2.384       2.532  3.81  1.513  2.997      12.223  4.75  7.732  1.839       2.855  3.75  1.767  3.460
        qoe mc=8.0 b=128.0       1.112  3.75  0.743  2.508       2.518  3.81  1.517  3.222      12.176  4.62  7.746  1.927       2.840  3.75  1.778  3.716
         qoe mc=16.0 b=0.0       1.122  3.75  0.738  2.252       2.566  3.88  1.501  2.620      12.261  4.75  7.724  1.789       2.916  3.75  1.743  3.099
         qoe mc=16.0 b=0.5       1.122  3.75  0.738  2.255       2.565  3.88  1.501  2.628      12.260  4.75  7.725  1.791       2.914  3.75  1.743  3.108
         qoe mc=16.0 b=2.0       1.121  3.75  0.738  2.265       2.562  3.88  1.503  2.652      12.257  4.75  7.728  1.797       2.909  3.75  1.745  3.132
         qoe mc=16.0 b=8.0       1.120  3.75  0.739  2.299       2.553  3.81  1.505  2.737      12.245  4.75  7.734  1.819       2.892  3.75  1.751  3.219
        qoe mc=16.0 b=32.0       1.116  3.75  0.741  2.393       2.534  3.81  1.510  2.957      12.211  4.62  7.744  1.878       2.862  3.75  1.764  3.450
        qoe mc=16.0 b=64.0       1.114  3.75  0.742  2.467       2.524  3.81  1.514  3.114      12.186  4.62  7.751  1.927       2.847  3.75  1.773  3.620
       qoe mc=16.0 b=128.0       1.111  3.75  0.743  2.544       2.515  3.69  1.518  3.275      12.156  4.62  7.759  1.981       2.837  3.62  1.781  3.794
         qoe mc=32.0 b=0.0       1.113  3.75  0.741  2.473       2.529  3.75  1.509  3.036      12.183  4.62  7.756  1.959       2.865  3.75  1.766  3.583
         qoe mc=32.0 b=0.5       1.113  3.75  0.741  2.474       2.529  3.75  1.510  3.039      12.183  4.62  7.756  1.959       2.865  3.75  1.766  3.586
         qoe mc=32.0 b=2.0       1.113  3.75  0.741  2.476       2.528  3.75  1.510  3.048      12.182  4.62  7.756  1.961       2.863  3.62  1.767  3.594
         qoe mc=32.0 b=8.0       1.113  3.75  0.742  2.486       2.526  3.75  1.511  3.080      12.177  4.50  7.758  1.968       2.858  3.62  1.769  3.625
        qoe mc=32.0 b=32.0       1.112  3.75  0.743  2.518       2.520  3.81  1.515  3.171      12.163  4.50  7.761  1.989       2.846  3.62  1.775  3.716
        qoe mc=32.0 b=64.0       1.111  3.75  0.743  2.549       2.516  3.75  1.517  3.252      12.151  4.50  7.764  2.010       2.839  3.62  1.779  3.795
       qoe mc=32.0 b=128.0       1.110  3.75  0.744  2.588       2.511  3.69  1.519  3.347      12.138  4.50  7.768  2.039       2.832  3.50  1.783  3.894

selection (rule in the module docstring and D-029):
    root: min_cutoff 2.0 beta 8.0 -> rms0 1.178 |lag| 4.33 rmsL 0.750 d2/o 1.467  [rule 1 (d2/o <= 1.5, min rms0)]
   swing: min_cutoff 1.0 beta 8.0 -> rms0 2.765 |lag| 4.69 rmsL 1.554 d2/o 1.448  [rule 1 (d2/o <= 1.5, min rms0)]
   twist: min_cutoff 4.0 beta 8.0 -> rms0 12.469 |lag| 5.12 rmsL 7.644 d2/o 1.434  [rule 1 (d2/o <= 1.5, min rms0)]
   elbow: min_cutoff 2.0 beta 2.0 -> rms0 3.280 |lag| 5.88 rmsL 1.711 d2/o 1.444  [rule 1 (d2/o <= 1.5, min rms0)]
chosen smoother_params: {"root": {"min_cutoff": 2.0, "beta": 8.0, "d_cutoff": 1.0}, "swing": {"min_cutoff": 1.0, "beta": 8.0, "d_cutoff": 1.0}, "twist": {"min_cutoff": 4.0, "beta": 8.0, "d_cutoff": 1.0}, "elbow": {"min_cutoff": 2.0, "beta": 2.0, "d_cutoff": 1.0}}
