SEED 3117 CASES 1000
FILTER_PARAMS 4 3.0 29.979
FILTER_HZ_AMPLITUDE_DB 1.0 0.999880173912801 -0.0010408585314193835
FILTER_HZ_AMPLITUDE_DB 2.0 0.9675535187085509 -0.28650006650208176
FILTER_HZ_AMPLITUDE_DB 3.0 0.4999999999999941 -6.020599913279726
FILTER_HZ_AMPLITUDE_DB 4.0 0.0744398947424973 -22.563884992605345
FILTER_HZ_AMPLITUDE_DB 5.0 0.009954217601400823 -40.03985739429381
RANDOM_1000_MAX_ERR_upper_forearm_ez_mirror_euler 4.565528730752142e-15 7.108895957933346e-16 3.158489249854582e-14 0.0 6.050715484207103e-15
GIMBAL_CORRECT 90.0 [90. 15.  0.] 2.220446049250313e-16
GIMBAL_EQ317_ZONLY 90.0 0.0 0.25881904510252085
GIMBAL_CORRECT -90.0 [-90.  65.   0.] 1.6653345369377348e-16
GIMBAL_EQ317_ZONLY -90.0 0.0 0.9063077870366502
PLUMB_WALL_MARKER_ROLL_DEG 29.999999999999993
